2 3
3 11
4 11
5 14
6 59
7 83
8 31
9 35
10 179
11 65
12 131
13 129
14 251
15 419
16 79
17 84
18 431
19 683
20 239
21 209
22 307
23 551
24 551
25 524
26 207
27 1403
28 559
29 260
30 1739
31 1859
32 191
33 197
34 2243
35 769
36 1259
37 332
38 759
39 2339
40 1559
41 1106
42 3443
43 687
44 1231
45 494
46 1103
47 469
48 1727
49 1175
50 1499
51 5099
52 2651
53 635
54 5723
55 1979
56 2015
57 797
58 5103
59 1415
60 1439
61 3354
62 1239
63 6299
64 447
65 454
66 8579
67 2411
68 2447
69 2345
70 9659
71 3265
72 4319
73 1021
74 3107
75 11099
76 1139
77 1847
78 3119
79 4107
80 4159
81 2672
82 13283
83 3319
84 6971
85 6629
86 1547
87 14963
88 5279
89 2580
90 16019
91 16379
92 5519
93 1673
94 7519
95 3419
96 9119
97 4655
98 1175
99 19403
100 9899
101 3332
102 17135
103 2059
104 6863
105 4724
106 22259
107 7489
108 3023
109 1634
110 1979
111 5327
112 4143
113 6779
114 25763
115 8739
116 3479
117 3392
118 21711
119 9281
120 14279
121 1451
122 19763
123 20663
124 4463
125 5124
126 6299
127 27939
128 1023
129 1031
130 9359
131 22007
132 17291
133 3457
134 2947
135 36179
136 18359
137 1643
138 5519
139 12787
140 4199
141 4934
142 13347
143 10295
144 8639
145 9859
146 7007
147 42923
148 17167
149 6704
150 39599
151 12683
152 15199
153 4589
154 15707
155 15809
156 24179
157 12245
158 3791
159 50243
160 22399
161 8532
162 23327
163 9779
164 5903
165 11384
166 4979
167 12023
168 22175
169 3548
170 4759
171 3419
172 25283
173 7611
174 60203
175 60899
176 6335
177 7787
178 49839
179 8591
180 32219
181 30950
182 20019
183 13175
184 33671
185 11099
186 58031
187 69563
188 18799
189 7937
190 71819
191 2673
192 36671
193 11579
194 8147
195 75659
196 17247
197 12804
198 61775
199 8755
200 3599
201 20099
202 24239
203 43847
204 36719
205 20909
206 14007
207 72035
208 34111
209 14420
210 87779
211 88619
212 29255
213 8519
214 25679
215 25799
216 9287
217 7811
218 6103
219 86723
220 16059
221 9281
222 98123
223 19623
224 33151
225 25199
226 9039
227 6809
228 2735
229 8701
230 33119
231 106259
232 53591
233 4659
234 109043
235 31019
236 12271
237 8294
238 85679
239 74567
240 57359
241 4337
242 15971
243 23327
244 59291
245 19844
246 120539
247 27663
248 14879
249 26144
250 41499
251 41665
252 63251
253 12649
254 39623
255 129539
256 2303
257 2312
258 105263
259 119139
260 44719
261 33929
262 136763
263 31559
264 10559
265 67044
266 46283
267 16019
268 56815
269 23940
270 113399
271 146339
272 48959
273 4913
274 149603
275 32999
276 69551
277 10802
278 10007
279 155123
280 23519
281 11239
282 158483
283 7923
284 15335
285 40469
286 32603
287 54529
288 63359
289 20807
290 27839
291 143171
292 75919
293 3515
294 172283
295 53099
296 58015
297 21977
298 14303
299 59201
300 89699
301 7524
302 19931
303 133319
304 92111
305 25619
306 168911
307 187883
308 6159
309 23792
310 191579
311 123155
312 10295
313 78249
314 28259
315 45359
316 14219
317 33284
318 17807
319 53591
320 67199
321 10271
322 68907
323 18087
324 104651
325 47124
326 9779
327 213203
328 85279
329 5921
330 217139
331 218459
332 7967
333 11987
334 205743
335 24789
336 20159
337 8087
338 121679
339 229163
340 16319
341 38532
342 7523
343 23323
344 26143
345 26909
346 79579
347 20819
348 96047
349 13959
350 20299
351 245699
352 12671
353 32475
354 212399
355 251339
356 27767
357 19634
358 42959
359 85441
360 129239
361 18410
362 8687
363 50819
364 44043
365 88694
366 40991
367 89547
368 30911
369 60884
370 91019
371 26711
372 138011
373 27601
374 92003
375 238499
376 140999
377 9424
378 45359
379 286523
380 41799
381 72389
382 27503
383 18383
384 133631
385 73919
386 6175
387 298763
388 7759
389 14003
390 140399
391 54739
392 98783
393 10217
394 309683
395 103489
396 33263
397 11909
398 20695
399 317603
400 73599
401 26465
402 72359
403 106391
404 108271
405 81809
406 109619
407 109889
408 132191
409 25766
410 9839
411 337019
412 169331
413 8259
414 341963
415 343619
416 38271
417 70055
418 277551
419 75419
420 175979
421 170925
422 29539
423 65987
424 139919
425 19974
426 337391
427 363803
428 15407
429 91805
430 368939
431 51719
432 186191
433 37237
434 59023
435 339299
436 57551
437 20975
438 262799
439 384563
440 128479
441 24254
442 389843
443 102775
444 196691
445 9344
446 120419
447 370115
448 159487
449 59267
450 125999
451 93807
452 18983
453 40769
454 411323
455 272999
456 41495
457 93684
458 27479
459 358019
460 70379
461 23510
462 388079
463 83339
464 47327
465 107879
466 117431
467 144769
468 18719
469 54872
470 73319
471 442739
472 103839
473 17027
474 448403
475 34199
476 150415
477 16217
478 363279
479 134119
480 97919
481 74554
482 153275
483 92735
484 233771
485 34919
486 94283
487 134411
488 29279
489 119315
490 107799
491 35351
492 241571
493 48313
494 68171
495 152459
496 245519
497 7454
498 394415
499 165667
500 17999
501 30059
502 232927
503 132791
504 235871
505 127259
506 21251
507 46643
508 42671
509 42755
510 519179
511 173739
512 5119
513 5129
514 160367
515 151409
516 265739
517 66692
518 136751
519 124559
520 269879
521 90132
522 463535
523 188279
524 182351
525 68774
526 184099
527 113831
528 221759
529 7934
530 46639
531 562859
532 282491
533 74619
534 256319
535 190459
536 12863
537 67661
538 150639
539 192961
540 265679
541 136872
542 185363
543 65159
544 295391
545 89924
546 595139
547 199107
548 19727
549 75212
550 171599
551 201665
552 16007
553 13271
554 199439
555 614939
556 55599
557 86891
558 165167
559 623843
560 208319
561 146420
562 630563
563 337799
564 130283
565 159329
566 47543
567 578339
568 256735
569 107540
570 300959
571 185003
572 24023
573 21773
574 206639
575 219649
576 331199
577 83087
578 69359
579 152855
580 104399
581 36602
582 96611
583 135255
584 226591
585 145664
586 685619
587 103311
588 270479
589 156084
590 230099
591 139475
592 92351
593 92507
594 704483
595 83299
596 26223
597 88952
598 569295
599 21563
600 107999
601 90149
602 120399
603 28943
604 169119
605 36299
606 625391
607 735683
608 196991
609 46283
610 697839
611 219959
612 373931
613 257459
614 125255
615 755219
616 378839
617 125867
618 44495
619 765083
620 107879
621 44711
622 174159
623 204343
624 17471
625 48749
626 86387
627 669635
628 62799
629 131460
630 792539
631 60575
632 265439
633 139259
634 228239
635 525779
636 12719
637 63062
638 51039
639 815363
640 408959
641 38459
642 823043
643 20575
644 38639
645 103844
646 833339
647 55641
648 23327
649 210275
650 46799
651 846299
652 424451
653 54851
654 854123
655 157199
656 129887
657 98549
658 689583
659 96213
660 434939
661 19829
662 166823
663 172379
664 146743
665 146964
666 805859
667 93379
668 29391
669 190664
670 273359
671 595847
672 209663
673 90181
674 150975
675 850499
676 64895
677 13539
678 732239
679 866403
680 20399
681 231539
682 878415
683 16391
684 467171
685 456209
686 52135
687 942563
688 68799
689 148823
690 811439
691 953579
692 318319
693 31877
694 24983
695 321089
696 442655
697 69002
698 83759
699 97859
700 163099
701 163332
702 926639
703 196839
704 46463
705 248159
706 463135
707 220583
708 133103
709 12761
710 49699
711 119447
712 168743
713 128339
714 1018163
715 60059
716 335087
717 128342
718 86159
719 343681
720 517679
721 46864
722 25991
723 196655
724 523451
725 47849
726 1052699
727 1055603
728 34943
729 83834
730 354779
731 355265
732 65879
733 107017
734 118907
735 61739
736 180319
737 180564
738 856079
739 310379
740 41439
741 137084
742 1099643
743 267479
744 552791
745 277139
746 156659
747 1114523
748 98735
749 62166
750 1123499
751 351467
752 374495
753 63251
754 512719
755 379009
756 570779
757 66615
758 75799
759 136619
760 79799
761 118715
762 1159763
763 45779
764 388111
765 263924
766 1171979
767 13805
768 156671
769 139957
770 41579
771 101771
772 595211
773 157691
774 37151
775 1199699
776 178479
777 75368
778 964719
779 803927
780 607619
781 86690
782 203319
783 122147
784 613871
785 204884
786 1234019
787 1038839
788 47279
789 291140
790 415539
791 63279
792 626471
793 125293
794 401763
795 1078019
796 200591
797 208016
798 223439
799 425067
800 47999
801 160199
802 365711
803 340471
804 645611
805 161804
806 430403
807 41963
808 58175
809 169889
810 1310579
811 1313819
812 438479
813 121949
814 441187
815 293399
816 70991
817 314544
818 29447
819 1339883
820 606799
821 224132
822 427439
823 454295
824 148319
825 39599
826 138767
827 416807
828 49679
829 38133
830 64739
831 49859
832 691391
833 29987
834 1389443
835 1392779
836 464815
837 298808
838 1106159
839 140951
840 83159
841 344809
842 202079
843 141623
844 20255
845 237444
846 335015
847 1433123
848 23743
849 359975
850 481099
851 275723
852 664559
853 17059
854 242535
855 208619
856 695071
857 48848
858 1009007
859 343599
860 490199
861 185114
862 494787
863 379719
864 224639
865 31139
866 124703
867 1501643
868 600655
869 83423
870 1440719
871 1515539
872 214511
873 151901
874 1526003
875 454999
876 357407
877 64020
878 63215
879 263699
880 773519
881 258132
882 246959
883 155407
884 79559
885 185849
886 584759
887 1043111
888 124319
889 32892
890 131719
891 181763
892 794771
893 21431
894 1596683
895 533419
896 177407
897 363284
898 1285935
899 537601
900 43199
901 22524
902 45099
903 1235303
904 249503
905 89594
906 327971
907 457127
908 199759
909 389960
910 771679
911 552065
912 830831
913 164339
914 153551
915 530699
916 279379
917 253091
918 1343951
919 1525539
920 563039
921 361952
922 265535
923 110759
924 852851
925 278424
926 142603
927 133487
928 144767
929 287060
930 1450799
931 1731659
932 553607
933 173537
934 1742843
935 61709
936 875159
937 438515
938 468999
939 1761563
940 882659
941 42344
942 1514735
943 79211
944 67967
945 223019
946 113519
947 85229
948 716687
949 128114
950 199499
951 1806899
952 818719
953 26683
954 1818323
955 1722819
956 80303
957 228722
958 1463823
959 1208339
960 863999
961 53815
962 61567
963 115559
964 443439
965 103254
966 1864379
967 622747
968 81311
969 215117
970 535439
971 627265
972 898127
973 188761
974 282459
975 1899299
976 951599
977 29309
978 172127
979 599147
980 638959
981 229553
982 117839
983 511159
984 206639
985 438324
986 35495
987 1946363
988 770639
989 325380
990 1958219
991 558923
992 654719
993 21845
994 1974083
995 47759
996 179279
997 496505
998 71855
999 1994003

