1000 332999
1001 308307
1002 286571
1003 200599
1004 222887
1005 422099
1006 404411
1007 60419
1008 60479
1009 339023
1010 48479
1011 325541
1012 412895
1013 547019
1014 2054363
1015 2058419
1016 686815
1017 970217
1018 183239
1019 48911
1020 1039379
1021 159275
1022 692915
1023 208691
1024 11263
1025 22549
1026 898775
1027 2107403
1028 69903
1029 452759
1030 144199
1031 235067
1032 1063991
1033 359483
1034 161303
1035 2140379
1036 37295
1037 238509
1038 851159
1039 342869
1040 93599
1041 1082639
1042 2169443
1043 287867
1044 1088891
1045 30304
1046 41839
1047 138203
1048 876127
1049 182525
1050 2202899
1051 199689
1052 736399
1053 442259
1054 44267
1055 37979
1056 1114079
1057 46507
1058 292007
1059 266867
1060 343439
1061 318299
1062 509759
1063 212599
1064 753311
1065 566579
1066 2270579
1067 249677
1068 64079
1069 1141691
1070 117699
1071 2291939
1072 54671
1073 64379
1074 270647
1075 109649
1076 768263
1077 1158851
1078 185415
1079 774721
1080 60479
1081 1167479
1082 110363
1083 77975
1084 1062319
1085 26039
1086 1081655
1087 282619
1088 152319
1089 506384
1090 791339
1091 264021
1092 1140047
1093 432827
1094 1595051
1095 1084049
1096 170975
1097 61431
1098 320615
1099 2228771
1100 268399
1101 38534
1102 808867
1103 92651
1104 1217711
1105 1194504
1106 364979
1107 2448683
1108 979471
1109 272813
1110 1052279
1111 2466419
1112 40031
1113 244859
1114 579279
1115 827329
1116 589247
1117 469139
1118 165463
1119 2502083
1120 1253279
1121 827297
1122 2515523
1123 251551
1124 357431
1125 580499
1126 844499
1127 845249
1128 22559
1129 203219
1130 169499
1131 81431
1132 50939
1133 67979
1134 2569643
1135 2574179
1136 858815
1137 645815
1138 68279
1139 375869
1140 414959
1141 216789
1142 433959
1143 86867
1144 435863
1145 41219
1146 1251431
1147 2628923
1148 82655
1149 1319051
1150 1138499
1151 400547
1152 556415
1153 530379
1154 443135
1155 2665739
1156 1335179
1157 55535
1158 1069991
1159 34769
1160 895519
1161 243809
1162 1278199
1163 23259
1164 1243151
1165 158439
1166 41975
1167 2721443
1168 1088575
1169 210419
1170 2735459
1171 913379
1172 82039
1173 154835
1174 918067
1175 888299
1176 55271
1177 211859
1178 61255
1179 2777723
1180 24779
1181 928265
1182 652463
1183 165619
1184 930623
1185 664784
1186 2810819
1187 99707
1188 1069199
1189 1412531
1190 71399
1191 566915
1192 473223
1193 186107
1194 35819
1195 2853659
1196 952015
1197 715805
1198 1145287
1199 220615
1200 1438799
1201 1235828
1202 237995
1203 43307
1204 1382191
1205 108449
1206 581291
1207 152081
1208 159455
1209 1460471
1210 701799
1211 973643
1212 1467731
1213 291119
1214 490455
1215 1261169
1216 145919
1217 328589
1218 1183895
1219 2969483
1220 329399
1221 372404
1222 425255
1223 396251
1224 1496951
1225 238874
1226 154475
1227 453989
1228 1203439
1229 44243
1230 3023339
1231 1435345
1232 1010239
1233 69047
1234 3043043
1235 1015169
1236 326303
1237 764465
1238 74279
1239 3067763
1240 491039
1241 1025065
1242 1415879
1243 522059
1244 1030031
1245 1456649
1246 1490215
1247 344171
1248 414335
1249 1411369
1250 209999
1251 75059
1252 1566251
1253 415995
1254 496583
1255 120479
1256 339119
1257 675008
1258 1263031
1259 1055041
1260 478799
1261 1588859
1262 1024743
1263 126299
1264 432287
1265 265649
1266 3202979
1267 375031
1268 197807
1269 515213
1270 3223259
1271 419429
1272 1616711
1273 646683
1274 359267
1275 3248699
1276 1626899
1277 505691
1278 46007
1279 3269123
1280 1090559
1281 753227
1282 371779
1283 46187
1284 154079
1285 235154
1286 550407
1287 527669
1288 1313759
1289 1105961
1290 3325619
1291 397627
1292 77519
1293 594779
1294 512423
1295 1116289
1296 1678319
1297 105056
1298 223255
1299 1418507
1300 400399
1301 530807
1302 796823
1303 338779
1304 508559
1305 1701719
1306 485831
1307 172523
1308 1365551
1309 1712171
1310 188639
1311 3434819
1312 551039
1313 393899
1314 1655639
1315 1564849
1316 1152815
1317 1733171
1318 52719
1319 1155443
1320 110879
1321 546893
1322 145419
1323 1338875
1324 1751651
1325 1168649
1326 159119
1327 501605
1328 462143
1329 220613
1330 3535139
1331 1179265
1332 1772891
1333 79979
1334 56027
1335 138839
1336 594519
1337 1082969
1338 1418279
1339 3583163
1340 554759
1341 768392
1342 3599243
1343 478107
1344 106175
1345 301279
1346 177671
1347 3626123
1348 566159
1349 188859
1350 3642299
1351 48635
1352 140607
1353 730619
1354 3663923
1355 56909
1356 1837379
1357 1840091
1358 244439
1359 244619
1360 1848239
1361 1233065
1362 1585367
1363 245339
1364 1227599
1365 1861859
1366 35515
1367 248793
1368 1493855
1369 361415
1370 561699
1371 3756539
1372 576239
1373 82379
1374 906839
1375 1259499
1376 536639
1377 1894751
1378 347255
1379 421973
1380 75899
1381 69049
1382 140963
1383 215747
1384 638023
1385 581699
1386 898127
1387 1850257
1388 249839
1389 1927931
1390 183479
1391 425645
1392 153119
1393 774507
1394 646815
1395 3889259
1396 649139
1397 176021
1398 117431
1399 3911603
1400 1301999
1401 1961399
1402 3928403
1403 56119
1404 842399
1405 3872179
1406 329003
1407 472751
1408 1582591
1409 219803
1410 3973379
1411 84659
1412 1327279
1413 197819
1414 113119
1415 311299
1416 1886111
1417 167205
1418 153143
1419 4024283
1420 942879
1421 1344265
1422 4041323
1423 404131
1424 51263
1425 256499
1426 4064099
1427 1352795
1428 325583
1429 145757
1430 97239
1431 4092659
1432 292127
1433 544539
1434 1978919
1435 129149
1436 603119
1437 448343
1438 1581799
1439 293555
1440 2072159
1441 665741
1442 447019
1443 207791
1444 2083691
1445 1378529
1446 1761227
1447 1895569
1448 139007
1449 2098151
1450 643799
1451 1401665
1452 2106851
1453 714875
1454 104687
1455 4231139
1456 203839
1457 282657
1458 379079
1459 1418147
1460 201479
1461 112496
1462 684215
1463 87779
1464 2141831
1465 1025499
1466 715407
1467 1839617
1468 1720495
1469 161589
1470 4318859
1471 506023
1472 52991
1473 265139
1474 619079
1475 1448449
1476 2001455
1477 726683
1478 289687
1479 4371923
1480 1983199
1481 204377
1482 4389683
1483 219483
1484 228535
1485 550934
1486 163459
1487 1472129
1488 178559
1489 339491
1490 44699
1491 402569
1492 698255
1493 591227
1494 2133431
1495 627899
1496 496671
1497 269459
1498 1791607
1499 161891
1500 2248499
1501 2251499
1502 90119
1503 150299
1504 360959
1505 349159
1506 4533059
1507 2155009
1508 199055
1509 194660
1510 4557179
1511 707147
1512 2284631
1513 332859
1514 763055
1515 527219
1516 109151
1517 63713
1518 1839815
1519 4611683
1520 139839
1521 2311919
1522 1083663
1523 127931
1524 701039
1525 1162049
1526 384551
1527 106889
1528 421727
1529 1556521
1530 302939
1531 312323
1532 520879
1533 938195
1534 4703243
1535 46049
1536 2267135
1537 336602
1538 30759
1539 554039
1540 2370059
1541 240395
1542 4752443
1543 475243
1544 453935
1545 1192739
1546 108219
1547 1593409
1548 1913327
1549 250937
1550 399899
1551 2056625
1552 2303167
1553 614987
1554 2219111
1555 690419
1556 186719
1557 731789
1558 205655
1559 1618241
1560 2432039
1561 243515
1562 1621355
1563 3907499
1564 2358511
1565 694859
1566 156599
1567 37607
1568 282239
1569 1230095
1570 197819
1571 546707
1572 1056383
1573 113255
1574 412387
1575 2390849
1576 1178847
1577 551949
1578 284039
1579 94739
1580 511919
1581 398411
1582 1667427
1583 664859
1584 2507471
1585 2510639
1586 47579
1587 2370977
1588 222319
1589 419495
1590 1081199
1591 1686459
1592 1687519
1593 133811
1594 5078483
1595 1693889
1596 87779
1597 407234
1598 671159
1599 2427281
1600 364799
1601 384239
1602 5129603
1603 102591
1604 571023
1605 2574419
1606 751607
1607 115703
1608 688223
1609 1293635
1610 405719
1611 1037483
1612 2353519
1613 225819
1614 2227319
1615 1737739
1616 1735583
1617 1261259
1618 2090455
1619 796547
1620 1263599
1621 374450
1622 820731
1623 941339
1624 1234239
1625 555749
1626 1056899
1627 5291003
1628 97679
1629 663002
1630 1770179
1631 1771265
1632 489599
1633 1064715
1634 1617659
1635 2285729
1636 891619
1637 1784329
1638 425879
1639 45891
1640 596959
1641 157535
1642 758603
1643 59147
1644 2544911
1645 1085699
1646 451003
1647 652211
1648 2168767
1649 257243
1650 5441699
1651 1089659
1652 604631
1653 1090979
1654 5468123
1655 95989
1656 347759
1657 1371995
1658 39791
1659 879269
1660 2753939
1661 896939
1662 5521163
1663 299339
1664 1843711
1665 2770559
1666 369851
1667 166699
1668 513743
1669 1343544
1670 260519
1671 80207
1672 931303
1673 247603
1674 5601203
1675 656599
1676 1870415
1677 1202408
1678 100679
1679 624587
1680 2820719
1681 282407
1682 878003
1683 80783
1684 60623
1685 1890569
1686 5681819
1687 1896187
1688 1519199
1689 861389
1690 304199
1691 781241
1692 1340063
1693 1144467
1694 955415
1695 820379
1696 191647
1697 142547
1698 81503
1699 927653
1700 866999
1701 2725001
1702 1395639
1703 769755
1704 2901911
1705 414314
1706 644867
1707 5824283
1708 75151
1709 451175
1710 2688119
1711 530409
1712 277343
1713 582419
1714 2790391
1715 216089
1716 355211
1717 2946371
1718 130567
1719 2526929
1720 309599
1721 309779
1722 1343159
1723 268787
1724 1975703
1725 743474
1726 289967
1727 1986049
1728 794879
1729 995903
1730 498239
1731 5989259
1732 999363
1733 103979
1734 6010043
1735 6016979
1736 229151
1737 286604
1738 2398439
1739 313019
1740 182699
1741 5957701
1742 658475
1743 69719
1744 2755519
1745 289669
1746 6093539
1747 870005
1748 202767
1749 1406195
1750 6121499
1751 2038163
1752 245279
1753 1227099
1754 873491
1755 2702699
1756 3081779
1757 2055689
1758 63287
1759 6184643
1760 464639
1761 1326032
1762 951479
1763 810979
1764 3109931
1765 1556729
1766 935979
1767 6241043
1768 530399
1769 2069729
1770 6262259
1771 417955
1772 418191
1773 1255283
1774 6290603
1775 276899
1776 3047615
1777 639719
1778 277367
1779 6326123
1780 3166619
1781 2112265
1782 2715767
1783 392259
1784 249759
1785 1024589
1786 6376019
1787 235883
1788 107279
1789 112706
1790 533419
1791 6411779
1792 3209471
1793 853467
1794 1506959
1795 258479
1796 32327
1797 3227411
1798 2581927
1799 323819
1800 3131999
1801 497075
1802 540599
1803 367811
1804 1084203
1805 1082999
1806 1033031
1807 6526883
1808 43391
1809 3270671
1810 1248899
1811 507079
1812 3281531
1813 1269099
1814 108839
1815 3103649
1816 1098679
1817 937571
1818 879911
1819 6613883
1820 2205839
1821 54629
1822 6635723
1823 1771955
1824 1422719
1825 401499
1826 277551
1827 767339
1828 102367
1829 1046187
1830 6694139
1831 955781
1832 329759
1833 447251
1834 528191
1835 2242369
1836 3369059
1837 1686365
1838 771959
1839 6760163
1840 1037759
1841 375563
1842 51575
1843 1216379
1844 2264431
1845 221399
1846 6811739
1847 2271809
1848 909215
1849 3416951
1850 1132199
1851 6848699
1852 1405667
1853 66707
1854 389339
1855 6878339
1856 2294015
1857 1665728
1858 2757271
1859 323465
1860 3457739
1861 6811259
1862 134063
1863 1378619
1864 3472631
1865 261099
1866 111959
1867 6967643
1868 919055
1869 1682099
1870 998579
1871 52387
1872 3302207
1873 1191227
1874 292343
1875 3341249
1876 206359
1877 777077
1878 2816999
1879 766631
1880 1003919
1881 353627
1882 3425239
1883 188299
1884 3547571
1885 3551339
1886 2365043
1887 2773889
1888 113279
1889 2376361
1890 7140419
1891 374417
1892 90815
1893 1431107
1894 1022759
1895 795899
1896 561215
1897 3596711
1898 417559
1899 7208603
1900 3457999
1901 342179
1902 7231403
1903 723139
1904 2364767
1905 1668779
1906 1166471
1907 38139
1908 68687
1909 3302569
1910 378179
1911 1460003
1912 1217943
1913 229559
1914 294755
1915 1045589
1916 2444815
1917 1836485
1918 667463
1919 2452481
1920 3340799
1921 1753872
1922 115319
1923 738431
1924 3699851
1925 2467849
1926 7415099
1927 7422803
1928 30847
1929 486107
1930 1744719
1931 347579
1932 3730691
1933 1492275
1934 622747
1935 905579
1936 528527
1937 2498729
1938 193799
1939 7515563
1940 500519
1941 753107
1942 854479
1943 69947
1944 3335903
1945 1260359
1946 1261007
1947 295943
1948 350639
1949 140327
1950 3252599
1951 3679585
1952 2537599
1953 273419
1954 7632323
1955 2545409
1956 3823979
1957 164387
1958 493415
1959 7671443
1960 3839639
1961 2561065
1962 7694963
1963 510379
1964 235679
1965 3859259
1966 7726379
1967 389465
1968 3093695
1969 68914
1970 590999
1971 3323105
1972 431867
1973 1033851
1974 7789403
1975 3535249
1976 865487
1977 3783977
1978 166151
1979 2608321
1980 3777839
1981 459591
1982 118919
1983 118979
1984 3934271
1985 750329
1986 3396059
1987 945811
1988 516879
1989 477359
1990 3765079
1991 880021
1992 1697183
1993 1586427
1994 2644043
1995 7956059
1996 407183
1997 2416369
1998 367631
1999 227885
