2 3
3 11
4 11
5 29
6 59
7 83
8 31
9 71
10 179
11 65
12 131
13 259
14 251
15 419
16 79
17 169
18 215
19 683
20 239
21 419
22 307
23 275
24 551
25 524
26 207
27 1403
28 559
29 521
30 1739
31 1859
32 191
33 395
34 2243
35 769
36 1259
37 332
38 759
39 1169
40 1559
41 2213
42 3443
43 343
44 1231
45 494
46 551
47 469
48 1727
49 2351
50 1499
51 5099
52 2651
53 635
54 5723
55 1979
56 2015
57 1595
58 2551
59 707
60 1439
61 6709
62 1239
63 6299
64 447
65 909
66 8579
67 1205
68 2447
69 4691
70 9659
71 3265
72 4319
73 2043
74 3107
75 11099
76 1139
77 1847
78 1559
79 4107
80 4159
81 2672
82 13283
83 1659
84 6971
85 13259
86 1547
87 14963
88 5279
89 5161
90 16019
91 16379
92 5519
93 3347
94 3759
95 1709
96 9119
97 9311
98 1175
99 19403
100 9899
101 6665
102 8567
103 2059
104 6863
105 9449
106 22259
107 7489
108 3023
109 1634
110 1979
111 2663
112 4143
113 6779
114 25763
115 8739
116 3479
117 3392
118 10855
119 9281
120 14279
121 2903
122 19763
123 10331
124 4463
125 10249
126 6299
127 13969
128 1023
129 2063
130 4679
131 11003
132 17291
133 6915
134 2947
135 36179
136 18359
137 1643
138 2759
139 12787
140 4199
141 9869
142 13347
143 5147
144 8639
145 19719
146 7007
147 42923
148 17167
149 13409
150 19799
151 6341
152 15199
153 9179
154 15707
155 15809
156 24179
157 24491
158 1895
159 50243
160 22399
161 17065
162 11663
163 9779
164 5903
165 11384
166 4979
167 6011
168 22175
169 3548
170 4759
171 1709
172 25283
173 7611
174 60203
175 60899
176 6335
177 15575
178 24919
179 4295
180 32219
181 61901
182 20019
183 6587
184 33671
185 11099
186 29015
187 69563
188 18799
189 15875
190 71819
191 2673
192 36671
193 11579
194 8147
195 75659
196 17247
197 25609
198 30887
199 8755
200 3599
201 40199
202 12119
203 21923
204 36719
205 41819
206 14007
207 36017
208 34111
209 28841
210 87779
211 88619
212 29255
213 8519
214 12839
215 12899
216 9287
217 15623
218 6103
219 43361
220 16059
221 9281
222 98123
223 9811
224 33151
225 50399
226 4519
227 6809
228 2735
229 17403
230 16559
231 106259
232 53591
233 4659
234 109043
235 15509
236 12271
237 16589
238 42839
239 37283
240 57359
241 8675
242 15971
243 11663
244 59291
245 39689
246 120539
247 13831
248 14879
249 26144
250 41499
251 41665
252 63251
253 25299
254 39623
255 129539
256 2303
257 4625
258 52631
259 59569
260 44719
261 67859
262 136763
263 15779
264 10559
265 67044
266 46283
267 16019
268 56815
269 47881
270 56699
271 146339
272 48959
273 9827
274 149603
275 16499
276 69551
277 10802
278 10007
279 155123
280 23519
281 11239
282 158483
283 7923
284 15335
285 80939
286 32603
287 54529
288 63359
289 41615
290 27839
291 71585
292 75919
293 3515
294 172283
295 26549
296 58015
297 43955
298 7151
299 59201
300 89699
301 7524
302 19931
303 66659
304 92111
305 25619
306 84455
307 187883
308 6159
309 47585
310 191579
311 61577
312 10295
313 156499
314 28259
315 22679
316 14219
317 66569
318 8903
319 26795
320 67199
321 20543
322 68907
323 9043
324 104651
325 94249
326 9779
327 213203
328 85279
329 5921
330 217139
331 218459
332 7967
333 11987
334 102871
335 24789
336 20159
337 16175
338 60839
339 229163
340 16319
341 77065
342 7523
343 23323
344 26143
345 53819
346 79579
347 10409
348 96047
349 13959
350 20299
351 245699
352 12671
353 32475
354 106199
355 251339
356 27767
357 19634
358 21479
359 85441
360 129239
361 18410
362 8687
363 50819
364 44043
365 177389
366 20495
367 89547
368 30911
369 121769
370 91019
371 13355
372 138011
373 55203
374 92003
375 119249
376 140999
377 18849
378 22679
379 286523
380 41799
381 144779
382 13751
383 9191
384 133631
385 147839
386 6175
387 298763
388 7759
389 14003
390 70199
391 27369
392 98783
393 20435
394 309683
395 103489
396 33263
397 23819
398 20695
399 317603
400 73599
401 26465
402 36179
403 53195
404 108271
405 163619
406 109619
407 109889
408 132191
409 51533
410 4919
411 337019
412 169331
413 8259
414 341963
415 343619
416 38271
417 70055
418 138775
419 37709
420 175979
421 341851
422 29539
423 65987
424 139919
425 39949
426 168695
427 363803
428 15407
429 183611
430 368939
431 25859
432 186191
433 74475
434 59023
435 169649
436 57551
437 20975
438 131399
439 384563
440 128479
441 24254
442 389843
443 51387
444 196691
445 9344
446 120419
447 185057
448 159487
449 59267
450 62999
451 46903
452 18983
453 81539
454 411323
455 136499
456 41495
457 187369
458 27479
459 179009
460 70379
461 47021
462 194039
463 83339
464 47327
465 215759
466 58715
467 144769
468 18719
469 54872
470 73319
471 442739
472 103839
473 17027
474 448403
475 17099
476 150415
477 32435
478 181639
479 67059
480 97919
481 74554
482 153275
483 46367
484 233771
485 34919
486 94283
487 67205
488 29279
489 238631
490 53899
491 17675
492 241571
493 96627
494 68171
495 76229
496 245519
497 14909
498 197207
499 165667
500 17999
501 30059
502 116463
503 66395
504 235871
505 254519
506 21251
507 46643
508 42671
509 42755
510 519179
511 173739
512 5119
513 10259
514 80183
515 151409
516 265739
517 133385
518 68375
519 62279
520 269879
521 180265
522 231767
523 94139
524 182351
525 137549
526 184099
527 56915
528 221759
529 7934
530 46639
531 562859
532 282491
533 74619
534 128159
535 190459
536 12863
537 135323
538 75319
539 192961
540 265679
541 136872
542 185363
543 32579
544 295391
545 179849
546 595139
547 199107
548 19727
549 150425
550 85799
551 201665
552 16007
553 13271
554 99719
555 614939
556 55599
557 86891
558 82583
559 623843
560 208319
561 292841
562 630563
563 168899
564 130283
565 318659
566 47543
567 289169
568 256735
569 215081
570 150479
571 92501
572 24023
573 43547
574 103319
575 219649
576 331199
577 166175
578 34679
579 76427
580 104399
581 73205
582 96611
583 67627
584 226591
585 145664
586 685619
587 51655
588 270479
589 312169
590 230099
591 139475
592 92351
593 92507
594 704483
595 83299
596 26223
597 177905
598 284647
599 10781
600 107999
601 180299
602 120399
603 14471
604 169119
605 36299
606 312695
607 735683
608 196991
609 92567
610 348919
611 109979
612 373931
613 257459
614 125255
615 755219
616 378839
617 125867
618 22247
619 765083
620 107879
621 44711
622 87079
623 102171
624 17471
625 97499
626 86387
627 334817
628 62799
629 262921
630 792539
631 30287
632 265439
633 139259
634 114119
635 262889
636 12719
637 126125
638 25519
639 815363
640 408959
641 38459
642 823043
643 10287
644 38639
645 103844
646 833339
647 55641
648 23327
649 420551
650 46799
651 846299
652 424451
653 54851
654 854123
655 78599
656 129887
657 197099
658 344791
659 96213
660 434939
661 39659
662 83411
663 172379
664 146743
665 293929
666 805859
667 46689
668 29391
669 190664
670 136679
671 297923
672 209663
673 180363
674 150975
675 425249
676 64895
677 13539
678 366119
679 433201
680 20399
681 463079
682 439207
683 8195
684 467171
685 912419
686 52135
687 942563
688 68799
689 148823
690 405719
691 953579
692 318319
693 63755
694 12491
695 321089
696 442655
697 69002
698 41879
699 48929
700 163099
701 326665
702 463319
703 98419
704 46463
705 496319
706 231567
707 110291
708 133103
709 25523
710 49699
711 59723
712 168743
713 128339
714 1018163
715 60059
716 335087
717 128342
718 43079
719 343681
720 517679
721 93729
722 25991
723 98327
724 523451
725 47849
726 1052699
727 1055603
728 34943
729 83834
730 354779
731 355265
732 65879
733 214035
734 118907
735 61739
736 180319
737 361129
738 428039
739 155189
740 41439
741 274169
742 1099643
743 133739
744 552791
745 554279
746 156659
747 1114523
748 98735
749 124333
750 1123499
751 175733
752 374495
753 63251
754 256359
755 379009
756 570779
757 66615
758 75799
759 136619
760 79799
761 118715
762 1159763
763 45779
764 388111
765 527849
766 1171979
767 13805
768 156671
769 279915
770 41579
771 50885
772 595211
773 157691
774 18575
775 1199699
776 178479
777 150737
778 482359
779 401963
780 607619
781 86690
782 203319
783 122147
784 613871
785 409769
786 1234019
787 519419
788 47279
789 582281
790 415539
791 31639
792 626471
793 250587
794 401763
795 539009
796 200591
797 416033
798 111719
799 425067
800 47999
801 320399
802 182855
803 170235
804 645611
805 161804
806 430403
807 41963
808 58175
809 169889
810 1310579
811 1313819
812 438479
813 243899
814 441187
815 146699
816 70991
817 314544
818 29447
819 1339883
820 606799
821 448265
822 213719
823 227147
824 148319
825 39599
826 69383
827 208403
828 49679
829 76267
830 64739
831 24929
832 691391
833 29987
834 1389443
835 1392779
836 464815
837 298808
838 553079
839 70475
840 83159
841 689619
842 101039
843 70811
844 20255
845 474889
846 167507
847 1433123
848 23743
849 719951
850 481099
851 137861
852 664559
853 17059
854 242535
855 208619
856 695071
857 97697
858 504503
859 171799
860 490199
861 185114
862 494787
863 189859
864 224639
865 31139
866 124703
867 1501643
868 600655
869 83423
870 720359
871 1515539
872 214511
873 303803
874 1526003
875 227499
876 357407
877 128041
878 31607
879 131849
880 773519
881 516265
882 123479
883 77703
884 79559
885 371699
886 292379
887 521555
888 124319
889 65785
890 131719
891 181763
892 794771
893 21431
894 1596683
895 533419
896 177407
897 726569
898 642967
899 537601
900 43199
901 22524
902 45099
903 617651
904 249503
905 179189
906 327971
907 228563
908 199759
909 389960
910 385839
911 552065
912 830831
913 164339
914 76775
915 265349
916 279379
917 253091
918 671975
919 762769
920 563039
921 361952
922 132767
923 55379
924 852851
925 556849
926 142603
927 66743
928 144767
929 574121
930 725399
931 1731659
932 553607
933 347075
934 1742843
935 61709
936 875159
937 877031
938 468999
939 1761563
940 882659
941 84689
942 757367
943 79211
944 67967
945 446039
946 56759
947 85229
948 716687
949 128114
950 199499
951 1806899
952 818719
953 26683
954 1818323
955 861409
956 80303
957 228722
958 731911
959 604169
960 863999
961 53815
962 61567
963 57779
964 443439
965 206509
966 1864379
967 622747
968 81311
969 430235
970 267719
971 627265
972 898127
973 377523
974 282459
975 1899299
976 951599
977 29309
978 86063
979 299573
980 638959
981 459107
982 58919
983 255579
984 206639
985 876649
986 17747
987 1946363
988 770639
989 650761
990 1958219
991 279461
992 654719
993 43691
994 1974083
995 23879
996 179279
997 993011
998 35927
999 1994003
